     0.000  3.0000  1.7321
     1.000  3.0000  1.7321
     1.000  4.5000  2.5982
     2.000  4.5000  2.5982
     2.000  5.5000  3.1755
     3.000  5.5000  3.1755
     4.000  5.5000  3.1755
     4.000  6.0000  3.4642
     5.000  6.0000  3.4642
     6.000  6.0000  3.4642
     7.000  6.0000  3.4642
     7.000  6.1000  3.5219
     8.000  6.1000  3.5219
     9.000  6.1000  3.5219
    10.000  6.1000  3.5219
    11.000  6.1000  3.5219
    12.000  6.1000  3.5219
    12.000  6.2000  3.5797
    13.000  6.2000  3.5797
    14.000  6.2000  3.5797
    15.000  6.2000  3.5797
    16.000  6.2000  3.5797
    17.000  6.2000  3.5797
    18.000  6.2000  3.5797
    18.000  6.4000  3.6952
    19.000  6.4000  3.6952
    20.000  6.4000  3.6952
    21.000  6.4000  3.6952
    22.000  6.4000  3.6952
    23.000  6.4000  3.6952
    24.000  6.4000  3.6952
    25.000  6.4000  3.6952
    26.000  6.4000  3.6952
    27.000  6.4000  3.6952
    28.000  6.4000  3.6952
    28.000  6.8000  3.9261
    29.000  6.8000  3.9261
    30.000  6.8000  3.9261
    31.000  6.8000  3.9261
    32.000  6.8000  3.9261
    33.000  6.8000  3.9261
    34.000  6.8000  3.9261
    35.000  6.8000  3.9261
    36.000  6.8000  3.9261
    37.000  6.8000  3.9261
    38.000  6.8000  3.9261
    38.000  7.8000  4.5035
    39.000  7.8167  4.5131
    40.000  7.8333  4.5227
    41.000  7.8500  4.5323
    42.000  7.8667  4.5420
    43.000  7.8833  4.5516
    44.000  7.9000  4.5612
    45.000  7.9167  4.5708
    46.000  7.9333  4.5804
    47.000  7.9500  4.5901
    48.000  7.9667  4.5997
    49.000  7.9833  4.6093
    50.000  8.0000  4.6189
